-76 -0.116097
-75 -0.241435
-74 -0.021338
-73 -0.107350
-72 -0.111388
-71 -0.033375
-70 -0.038504
-69 0.122811
-68 0.211174
-67 0.421563
-66 0.649879
-65 0.499043
-64 0.165202
-63 0.117403
-62 0.647502
-61 0.217479
-60 0.681127
-59 0.435113
-58 0.849997
-57 1.365315
-56 1.776303
-55 1.971040
-54 2.235940
-53 2.486705
-52 2.809185
-51 3.000230
-50 2.796888
-49 3.072514
-48 3.132953
-47 3.453516
-46 3.415904
-45 3.422712
-44 3.496695
-43 3.746771
-42 4.050932
-41 4.040901
-40 3.820334
-39 3.636486
-38 3.612349
-37 3.208938
-36 3.158096
-35 3.074097
-34 2.937682
-33 3.245428
-32 3.259795
-31 3.054419
-30 3.067656
-29 2.937439
-28 2.951375
-27 2.956076
-26 3.008737
-25 2.841240
-24 3.202899
-23 3.319633
-22 3.280565
-21 3.310705
-20 3.498065
-19 3.546823
-18 3.629473
-17 3.735841
-16 3.712580
-15 4.004097
-14 4.164232
-13 4.257797
-12 4.549951
-11 4.510726
-10 4.505786
-9 4.647654
-8 4.617520
-7 4.901163
-6 5.128738
-5 5.522219
-4 5.869276
-3 6.321270
-2 6.568422
-1 7.641729
0 9.891214
1 10.045010
2 10.212820
3 10.272412
4 10.009986
5 9.801185
6 9.872272
7 9.945739
8 9.598533
9 9.652503
10 9.583679
11 9.669798
12 9.815127
13 9.935124
14 9.971387
15 10.027073
16 9.979100
17 9.834806
18 9.903082
19 9.720219
20 9.772026
21 9.681871
22 9.807777
23 9.825965
24 9.829538
25 9.833726
26 9.822069
27 9.813086
28 9.721175
29 9.454227
30 9.075851
31 8.845545
32 8.692469
33 8.633397
34 8.549170
35 8.541804
36 8.712197
37 8.922336
38 9.176540
39 9.399228
40 9.711334
41 10.005391
42 10.166040
43 10.363597
44 10.290574
45 10.327130
46 10.312553
47 10.365817
48 10.460209
49 10.333659
50 10.203636
51 10.362836
52 10.313338
53 10.500398
54 10.590821
55 10.512024
56 10.810387
57 11.105376
58 11.332965
59 11.213046
60 11.137693
61 11.455806
62 11.465364
63 11.143673
64 10.670332
65 10.540982
66 11.075532
67 11.184488
68 11.552064
69 11.897240
70 11.916599
71 11.935643
72 11.604245
73 11.486301
74 11.325678
75 11.098341
