-76 -0.231747
-75 0.011585
-74 0.142675
-73 0.187884
-72 0.260699
-71 0.301183
-70 0.337584
-69 0.513217
-68 0.683975
-67 0.903333
-66 0.900359
-65 0.971189
-64 0.922120
-63 1.143782
-62 0.859387
-61 0.762740
-60 1.115637
-59 1.085653
-58 1.378578
-57 1.779938
-56 2.120847
-55 2.253561
-54 2.521620
-53 2.895331
-52 3.095515
-51 3.293232
-50 3.263395
-49 3.367715
-48 3.572315
-47 3.650854
-46 3.596545
-45 3.526968
-44 3.624951
-43 3.856440
-42 3.793709
-41 3.867346
-40 3.880181
-39 3.882684
-38 4.067636
-37 3.978915
-36 4.038823
-35 3.911573
-34 3.845844
-33 4.184359
-32 4.259165
-31 4.357035
-30 4.247071
-29 4.074563
-28 4.014704
-27 4.081891
-26 4.266442
-25 4.236159
-24 4.470572
-23 4.598656
-22 4.415462
-21 4.464942
-20 4.415338
-19 4.325737
-18 4.276214
-17 4.367961
-16 4.306376
-15 4.321996
-14 4.447307
-13 4.599808
-12 4.679614
-11 4.674800
-10 4.685013
-9 4.651053
-8 4.813661
-7 4.814444
-6 5.070599
-5 5.191359
-4 5.400580
-3 5.826852
-2 6.134341
-1 5.841587
0 6.583923
1 6.212271
2 6.239665
3 6.068867
4 5.890647
5 5.877568
6 5.857973
7 5.868883
8 5.658133
9 5.662961
10 5.814118
11 5.848709
12 5.874253
13 5.983222
14 6.050958
15 6.109071
16 6.132549
17 6.058397
18 5.881529
19 6.002904
20 5.954251
21 5.946349
22 5.840294
23 5.870007
24 5.865630
25 5.959451
26 6.127799
27 6.152934
28 6.194309
29 6.079483
30 5.863717
31 5.710700
32 5.597522
33 5.464266
34 5.497089
35 5.355388
36 5.527870
37 5.609112
38 5.779549
39 5.909172
40 6.139180
41 6.235153
42 6.290537
43 6.424462
44 6.603581
45 6.671566
46 6.792981
47 6.786148
48 6.770370
49 6.782729
50 6.943368
51 7.192681
52 7.013871
53 7.079124
54 7.219045
55 7.371992
56 7.636666
57 7.712767
58 7.936042
59 8.128525
60 8.032358
61 7.920285
62 7.956052
63 8.023667
64 8.071953
65 8.356371
66 8.705377
67 8.977924
68 9.368737
69 9.560624
70 9.638967
71 9.712018
72 9.697601
73 9.535397
74 9.497531
75 9.411424
