-60 0.313760
-59 0.301435
-58 0.664535
-57 1.185666
-56 1.621217
-55 1.852557
-54 1.970800
-53 2.035365
-52 2.104828
-51 2.009256
-50 1.946103
-49 1.952076
-48 2.042554
-47 2.176310
-46 2.060682
-45 1.971578
-44 2.113922
-43 2.268355
-42 2.078601
-41 2.077862
-40 2.044763
-39 1.976852
-38 2.166807
-37 1.887846
-36 2.127629
-35 2.361542
-34 2.099923
-33 2.537317
-32 2.619145
-31 2.533505
-30 2.859383
-29 2.876515
-28 2.983968
-27 3.267242
-26 3.469045
-25 3.609138
-24 3.638863
-23 4.172928
-22 4.157593
-21 4.087567
-20 4.262300
-19 4.265787
-18 4.279421
-17 4.273403
-16 4.278204
-15 4.517033
-14 4.395641
-13 4.356774
-12 4.426249
-11 4.569767
-10 4.378455
-9 4.342519
-8 4.311260
-7 4.483574
-6 4.524724
-5 4.532318
-4 4.675634
-3 5.135133
-2 5.712865
-1 4.715833
0 3.765958
1 3.810483
2 3.829110
3 4.122750
4 3.834615
5 3.669150
6 3.643829
7 3.362113
8 3.046168
9 3.075160
10 3.091175
11 3.112146
12 3.034772
13 3.087853
14 3.261186
15 3.309138
16 3.267333
17 3.076966
18 3.069996
19 3.048433
20 3.151814
21 3.201209
22 3.261842
23 3.515846
24 3.538619
25 3.652215
26 3.703468
27 3.500827
28 3.622580
29 3.303357
30 3.203263
31 2.957204
32 2.927500
33 2.610819
34 2.658068
35 2.384647
36 2.404074
37 2.577544
38 2.594357
39 2.626544
40 2.559966
41 2.861793
42 2.678872
43 2.397177
44 2.438898
45 2.433856
46 2.705510
47 2.809728
48 2.698045
49 2.262590
50 2.151133
51 2.369135
52 1.945032
53 2.385073
54 2.626208
55 2.465642
56 2.728696
57 2.953180
58 3.023841
59 3.087071
